222222222222222222222222222222222222222222222222222222222222222222222222222222222222222222
200000110001333300000000001111000000111113333000000000001111000000111113333000000000001111
200000111111033300000000001122000000111113333000000000001111000000111113333000000000001111
200000100001033300000000001122000000111113333000000000001111000000111113333000000000001111
200000111111033330000000001122000000111113333000000000001111000000111113333000000000001111
222222211111003333000000001122000000111113333000000000001111000000111113333000000000001111
200222211111000333300000001111000000111113333000000000001111000000111113333000000000001111
200222210010000333300000001111000000111113333000000000001111000000111113333000000000001111
200000111100000333300000001111000000111113333000000000001111000000111113333000000000001111
200000111000000333300000001001000000111113333000000000001111000000111113333000000000001111
200000111100033330000000001111000000111113333000000000001111000000111113333000000000001111
200000111111033300000000001111000000111113333000000000001111000000111113333000000000001111
200000111111003333000000001111000000111113333000000000001111000000111113333000000000001111
200000111111003333000000001111000000111113333000000000001111000000111113333000000000001111
200000100001000033330000001111000000111113333000000000001111000000111113333000000000001111
200000111111000003333000001111000000111113333000000000001111000000111113333000000000001111
200000111111000000333300001111000000111113333000000000001111000000111113333000000000001111
200000111111000000033330001111000000111113333000000000001111000000111113333000000000001111
200000000011000000033330001111000000111113333000000000001111000000111113333000000000001111
200000111111000000003333001111000000111113333000000000001111000000111113333000000000001111
200000111111000000000333301111000000111113333000000000001111000000111113333000000000001111
200000111111000000000033331111000000111113333000000000001111000000111113333000000000001111
200000111111000000000003333122000000111113333000000000001111000000111113333000000000001111
200022222211000000000000333311000000111113333000000000001111000000111113333000000000001111
200002222211000000000000333311000000111113333000000000001111000000111113333000000000001111
200000222221000000000000333311000000111113333003333333301111000000111113333000000000001111
200000222221000000000000333311000000111113333000000000001111000000111113333000000000001111
200000111111000000000003331111000000111113333000000000001111000000111113333000000000001111
200000111111000000000003331111000000111113333000000000001111000000111113333000000000001111
200000111111000000000333301111000000111113333000000000001111000000111113333000000000001111
200000111113333000000000001111000000111113333000000000001111000000111113333000000000001111
200000110001333300000000001111000000111113333000000000001111000000111113333000000000001111
200000111111033300000000001122000000111113333000000000001111000000111113333000000000001111
200000100001033300000000001122000000111113333000000000001111000000111113333000000000001111
200000111111033330000000001122000000111113333003333333333211000000111113333000000000001111
222222211111003333000000001122000000111113333000000000001111000000111113333000000000001111
200222211111000333300000001111000000111113333000000000001111000000111113333000000000001111
200222210011000333300000001111000000111113333000000000001111000000111110000000000000001111
200000111111000333300000001111000000111110000000000000001111000000111113333000000000001111
200000111111000333300000001001000000111113333000000000001111000000111113333000000000001111
200000111111033330000000001111000000111113333000000000001111000000111113333000000000001111
200000111111033300000000001111000000111113333000000000001111000000111113333000000000001111
200000111111003333000000001111000000111113333000000000001111000000111113333000000000001111
200000111111003333000000001111000000111113333000000000001111000000111113333000000000001111
200000100001000033330000001111000000111113333000000000001111000000111113333000000000001111
200000111111000003333000001111000000111113333000000000001111000000111113333000000000001111
200000111111000000333300001111000000111113333000000000001111000000111113333000000000001111
200000111111000000033330001111000000111113333000000000001111000000111113333000000000001111
200000000011000000033330001111000000111113333000000000001111000000111113333000000000001111
200000111111000000003333001111000000111113333000000000001111000000111113333000000000001111
200000111111000000000333301111000000111113333000000000001111000000111113333000000000001111
200000111111000000000033331111000000111113333000000000001111000000111113333000000000001111
200000111111000000000003333122000000111113333000000000001111000000111113333000000000001111
200022222211000000000000333311000333333333333333333333000111100000111113333000000000001111
200002222211000000000000333311000000111113333000000000001111000000111113333000000000001111
200000222221000000000000333311000000111113333000000000001111000000111113333000000000001111
200000222221000000000000333311000003333333333000000000001111000000111113333000000000001111
200000111111000000000003331111000000111113333000000000001111000000111113333000000000001111
200000111111000000000003331111000000111113333000000000001111000000111113333000000000001111
200000111111000000000333301111000000111113333000000000001111000000111113333000000000001111
200000111113333000000000001111000000111113333000000000001111000000111113333000000000001111
200000110001333300000000001111000000111113333000000000001111000000111113333000000000001111
200000111111033300000000001122000000111113333000000000001111000000111113333000000000001111
200000100001033300000000001122000000111113333000000000001111000000111113333000000000001111
200000111111033330000000001122000000111113333000000000001111000000111113333000000000001111
222222211111003333000000001122000000111113333333333333000001111000111113333000000000001111
200222211111000333300000001111000000111113333000000000001111000000111113333000000000001111
200222210011000333300000001111000000111113333000000000001111000000111113333000000000001111
200000111111000333300000001111000000111113333000000000001111000000111113333000000000001111
200000111111000333300000001001000000111113333000000000001111000000111113333000000000001111
200000111111033330000000001111000000111113333333333333000000111000111113333000000000001111
200000111111003333000000001111000000111113333000000000001111000000111113333000000000001111
200000111111003333000000001111000000111113333000000000001111000000111113333000000000001111
200000100001000033330000001111000000111113333333333333300000100000111113333000000000001111
200000111111000003333000001111000000111113333333333330001111000000111113333000000000001111
200000111111000000333300001111000000111113333000000000001111000000111113333000000000001111
200000111111000000033330001111000000111113333000000000001111000000111113333000000000001111
200000000011000000033330001111000000111113333000000000001111000000111113333000000000001111
200000111111000000003333001111000000111113333000000000001111000000111113333000000000001111
200000111000000000000333301111000000111113333000000000001111000000111113333000000000001111
200000111110000000000033331111000000111113333000000000001111000000111113333000000000001111
200000111100000000000003333122000000111113333000000000001111000000111113333000000000001111
200022222000000000000000333311000000111113333000000000001111000000111113333000000000001111
200002222211000000000000333311000000111113333000000000001111000000111113333000000000001111
200000222221000000000000333311000000111113333000000000001111000000111113333000000000001111
200000222221000000000000333311000000111113333000000000001111000000111113333000000000001111
200000111111000000000003331111000000111113333000000000001111000000111113333000000000001111
200000111111000000000003331111000000111113333000000000001111000000111113333000000000001111
200000111111000000000003331111000000111113333000000000001111000000111113333000000000001111
222222222222222222222222222222222222222222222222222222222222222222222222222222222222222222